# Mock EEG Alpha Waves Signal
# Simulates 10 Hz alpha wave activity
# 512 samples at 512Hz = 1 second of data
# Baseline at 32768 with 800-count amplitude oscillation
32768
32865
32962
33055
33145
33228
33305
33373
33433
33482
33521
33548
33564
33567
33559
33539
33507
33464
33410
33347
33275
33195
33110
33018
32924
32826
32728
32631
32535
32443
32356
32275
32202
32137
32081
32036
32002
31979
31968
31970
31983
32008
32044
32092
32149
32216
32291
32373
32461
32554
32650
32748
32846
32943
33037
33127
33212
33290
33360
33422
33473
33514
33544
33561
33568
33561
33544
33514
33473
33422
33360
33290
33212
33127
33037
32943
32846
32748
32650
32554
32461
32373
32291
32216
32149
32092
32044
32008
31983
31970
31968
31979
32002
32036
32081
32137
32202
32275
32356
32443
32535
32631
32728
32826
32924
33018
33110
33195
33275
33347
33410
33464
33507
33539
33559
33567
33564
33548
33521
33482
33433
33373
33305
33228
33145
33055
32962
32865
32768
32670
32573
32480
32390
32307
32230
32162
32102
32053
32014
31987
31971
31968
31976
31996
32028
32071
32125
32188
32260
32340
32425
32517
32611
32709
32807
32904
33000
33092
33179
33260
33333
33398
33454
33499
33533
33556
33567
33565
33552
33527
33491
33443
33386
33319
33244
33162
33074
32981
32885
32787
32689
32592
32498
32408
32323
32245
32175
32113
32062
32021
31991
31974
31968
31974
31991
32021
32062
32113
32175
32245
32323
32408
32498
32592
32689
32787
32885
32981
33074
33162
33244
33319
33386
33443
33491
33527
33552
33565
33567
33556
33533
33499
33454
33398
33333
33260
33179
33092
33000
32904
32807
32709
32611
32517
32425
32340
32260
32188
32125
32071
32028
31996
31976
31968
31971
31987
32014
32053
32102
32162
32230
32307
32390
32480
32573
32670
32768
32865
32962
33055
33145
33228
33305
33373
33433
33482
33521
33548
33564
33567
33559
33539
33507
33464
33410
33347
33275
33195
33110
33018
32924
32826
32728
32631
32535
32443
32356
32275
32202
32137
32081
32036
32002
31979
31968
31970
31983
32008
32044
32092
32149
32216
32291
32373
32461
32554
32650
32748
32846
32943
33037
33127
33212
33290
33360
33422
33473
33514
33544
33561
33568
33561
33544
33514
33473
33422
33360
33290
33212
33127
33037
32943
32846
32748
32650
32554
32461
32373
32291
32216
32149
32092
32044
32008
31983
31970
31968
31979
32002
32036
32081
32137
32202
32275
32356
32443
32535
32631
32728
32826
32924
33018
33110
33195
33275
33347
33410
33464
33507
33539
33559
33567
33564
33548
33521
33482
33433
33373
33305
33228
33145
33055
32962
32865
32768
32670
32573
32480
32390
32307
32230
32162
32102
32053
32014
31987
31971
31968
31976
31996
32028
32071
32125
32188
32260
32340
32425
32517
32611
32709
32807
32904
33000
33092
33179
33260
33333
33398
33454
33499
33533
33556
33567
33565
33552
33527
33491
33443
33386
33319
33244
33162
33074
32981
32885
32787
32689
32592
32498
32408
32323
32245
32175
32113
32062
32021
31991
31974
31968
31974
31991
32021
32062
32113
32175
32245
32323
32408
32498
32592
32689
32787
32885
32981
33074
33162
33244
33319
33386
33443
33491
33527
33552
33565
33567
33556
33533
33499
33454
33398
33333
33260
33179
33092
33000
32904
32807
32709
32611
32517
32425
32340
32260
32188
32125
32071
32028
31996
31976
31968
31971
31987
32014
32053
32102
32162
32230
32307
32390
32480
32573
32670
