# Mock EEG Artifact/Noise Signal
# Simulates electrical interference and movement artifacts
# 512 samples at 512Hz = 1 second of data
# Includes 50Hz line noise, random spikes, and drift
32746
32857
32937
32737
32863
32801
32765
32604
32611
30830
32698
32732
32914
33027
32704
32652
32841
32580
32355
32415
32820
32869
32944
33045
32847
32957
32928
32542
32567
32515
32571
32666
32938
32870
32949
32982
32675
32852
32474
32625
32655
32986
33002
33484
33044
32928
32746
32703
32208
30518
32574
32593
33003
33069
33069
32850
33086
32549
32550
32535
34668
32555
32966
33046
32998
33066
32828
32465
32793
32750
32420
32677
32841
32710
32924
32846
32890
32826
32647
32592
32647
32706
32777
33091
33135
32856
32863
32841
32435
32772
32574
32628
32857
32962
33051
33152
33049
32561
32693
32623
32618
32806
34830
32826
33007
32844
33158
32864
32635
33028
32607
32588
32785
32783
33037
33194
33216
33116
32667
32567
32708
32589
32532
32964
32941
32948
33061
32928
33097
32574
32782
32861
34907
32784
33164
33186
33009
32869
32721
32919
32640
32948
32693
32736
32985
32978
32953
32952
32904
32792
32622
32642
32699
32744
32803
32854
33270
32958
33051
33021
32831
32937
32528
32514
32803
32818
33127
33334
33014
32747
32700
32696
32413
32694
33124
32991
33058
33023
33003
32701
32818
32597
32366
32656
32788
32817
33191
32935
33135
32785
32707
32493
32457
32846
32535
33050
33039
32839
32930
32761
32782
32477
32595
32618
32647
33119
33182
33017
33176
32822
32766
32771
32853
32415
32803
32623
33023
32995
32853
32940
32609
32847
32803
32561
32469
32892
32965
32854
33024
32895
32975
32821
32720
32804
32954
32898
32939
33001
32699
33075
33153
32632
32806
32352
32531
32780
32840
32711
32734
32971
33098
32924
32723
32800
32759
32662
32946
32830
33151
33022
33025
32886
32679
32603
32826
32671
32530
32715
33108
33174
32722
32759
32853
32888
32625
32589
32865
32745
32999
35020
33066
32877
32932
32511
32787
32671
32626
32922
33181
32842
33059
33139
33141
32795
32720
32556
32759
32900
32961
32894
32961
32861
32927
32996
32510
32713
32630
33058
33044
33125
33084
32928
32853
32393
32788
32739
32911
32844
32730
32969
32778
33064
32861
32865
32453
32723
32679
32767
32765
33482
32875
32900
32826
32912
32681
32889
32800
32748
32949
35089
33018
32922
32948
33186
32755
32969
32721
32831
32864
33073
32842
32933
32909
32953
32652
32680
32676
32540
32710
32703
33088
32819
33139
33121
33000
32737
32547
32758
32904
33073
32842
33246
33075
33064
32874
32756
32876
32779
32753
32934
32956
33396
32907
32823
33057
32802
32991
32950
32892
32839
32840
33107
33176
33233
33170
32927
34759
32594
32567
32759
32851
33091
33386
32944
32749
33046
32423
32767
32803
32630
33234
33341
33150
31030
32814
32997
32907
32691
32909
32581
32838
33265
33165
33116
33276
32908
32595
32501
32764
32769
32849
33085
33128
33026
32973
32869
32715
34770
32907
32645
32770
33168
33094
33412
32968
32988
32982
32755
32695
32953
33053
33041
33020
33387
32961
32849
32733
32541
32651
32646
32827
32888
33099
33195
32788
32973
32998
32654
32700
32804
33103
32864
33308
33063
33312
33080
32859
32659
32838
32806
32484
32775
33167
32815
33366
33366
33241
33044
32652
32520
32772
32788
32843
33106
33027
33226
33201
33029
32696
32859
32859
32716
32945
33061
33274
33262
33073
33028
31009
33008
32495
32761
