# Mock EEG Baseline Signal
# Simulates quiet background EEG activity
# 512 samples at 512Hz = 1 second of data
# Values around 32768 (middle of 16-bit range) with minimal variation
32768
32770
32766
32769
32771
32765
32768
32772
32764
32769
32770
32767
32768
32771
32766
32769
32768
32770
32765
32767
32769
32771
32768
32766
32770
32768
32767
32769
32772
32766
32768
32770
32767
32769
32768
32771
32765
32768
32769
32767
32770
32768
32766
32769
32771
32768
32767
32770
32768
32769
32766
32768
32770
32767
32769
32771
32768
32766
32768
32770
32767
32769
32768
32771
32766
32768
32769
32767
32770
32768
32766
32769
32771
32768
32767
32770
32768
32769
32766
32768
32770
32767
32769
32771
32768
32766
32768
32770
32767
32769
32768
32771
32766
32768
32769
32767
32770
32768
32766
32769
32771
32768
32767
32770
32768
32769
32766
32768
32770
32767
32769
32771
32768
32766
32768
32770
32767
32769
32768
32771
32766
32768
32769
32767
32770
32768
32766
32769
32771
32768
32767
32770
32768
32769
32766
32768
32770
32767
32769
32771
32768
32766
32768
32770
32767
32769
32768
32771
32766
32768
32769
32767
32770
32768
32766
32769
32771
32768
32767
32770
32768
32769
32766
32768
32770
32767
32769
32771
32768
32766
32768
32770
32767
32769
32768
32771
32766
32768
32769
32767
32770
32768
32766
32769
32771
32768
32767
32770
32768
32769
32766
32768
32770
32767
32769
32771
32768
32766
32768
32770
32767
32769
32768
32771
32766
32768
32769
32767
32770
32768
32766
32769
32771
32768
32767
32770
32768
32769
32766
32768
32770
32767
32769
32771
32768
32766
32768
32770
32767
32769
32768
32771
32766
32768
32769
32767
32770
32768
32766
32769
32771
32768
32767
32770
32768
32769
32766
32768
32770
32767
32769
32771
32768
32766
32768
32770
32767
32769
32768
32771
32766
32768
32769
32767
32770
32768
32766
32769
32771
32768
32767
32770
32768
32769
32766
32768
32770
32767
32769
32771
32768
32766
32768
32770
32767
32769
32768
32771
32766
32768
32769
32767
32770
32768
32766
32769
32771
32768
32767
32770
32768
32769
32766
32768
32770
32767
32769
32771
32768
32766
32768
32770
32767
32769
32768
32771
32766
32768
32769
32767
32770
32768
32766
32769
32771
32768
32767
32770
32768
32769
32766
32768
32770
32767
32769
32771
32768
32766
32768
32770
32767
32769
32768
32771
32766
32768
32769
32767
32770
32768
32766
32769
32771
32768
32767
32770
32768
32769
32766
32768
32770
32767
32769
32771
32768
32766
32768
32770
32767
32769
32768
32771
32766
32768
32769
32767
32770
32768
32766
32769
32771
32768
32767
32770
32768
32769
32766
32768
32770
32767
32769
32771
32768
32766
32768
32770
32767
32769
32768
32771
32766
32768
32769
32767
32770
32768
32766
32769
32771
32768
32767
32770
32768
32769
32766
32768
32770
32767
32769
32771
32768
32766
32768
32770
32767
32769
32768
32771
32766
32768
32769
32767
32770
32768
32766
32769
32771
32768
32767
32770
32768
32769
32766
32768
32770
32767
32769
32771
32768
32766
32768
32770
32767
32769
32768
32771
32766
32768
32769
32767
32770
32768
32766
32769
32771
32768
32767
32770
32768
32769
32766
32768
32770
32767
32769
32771
32768
32766
32768
32770
32767
32769
32768
32771
32766
32768
32769
32767
32770
32768
32766
32769
32771
32768
32767
32770
32768
32769
32766
32768
32770
32767
32769
32771
32768
32766
32768
32770
32767
32769
32768
32771
32766
32768
32769
32767
32770
32768
32766
32769
32771
32768
32767
32770
32768
32769
32766
32768
32770
32767
32769
32771
32768
32766
32768
32770
32767
32769
32768
32771
32766
32768
32769
32767
32770
32768
32766
32769
32771
32768
32767
32770
32768
32769
32766
32768