# Mock EEG Mixed Frequency Signal
# Combines multiple EEG frequency bands
# 512 samples at 512Hz = 1 second of data
# Includes delta (2Hz), theta (4Hz), alpha (10Hz), and beta (20Hz)
32788
32911
33017
33176
33288
33370
33419
33520
33597
33588
33603
33665
33614
33593
33539
33532
33470
33438
33393
33436
33381
33333
33389
33396
33434
33339
33289
33305
33361
33232
33237
33335
33244
33250
33046
33066
33004
33013
32919
32802
32791
32723
32718
32677
32708
32819
32850
32929
32996
33048
33220
33168
33348
33432
33517
33659
33727
33747
33709
33739
33759
33746
33680
33626
33546
33524
33340
33324
33323
33150
33248
33050
32977
32927
32880
32878
32896
32809
32781
32733
32734
32695
32621
32616
32502
32497
32354
32315
32277
32185
32152
32084
32079
31997
32055
32031
31906
32155
32133
32273
32309
32366
32478
32688
32841
32823
32868
33059
33069
33099
33181
33219
33215
33180
33106
33126
33135
33102
33070
32905
32884
32881
32892
32797
32726
32711
32757
32780
32816
32823
32706
32841
32738
32588
32682
32633
32634
32575
32439
32477
32417
32400
32305
32343
32260
32413
32334
32426
32412
32513
32576
32738
32815
32898
33027
33155
33331
33315
33420
33522
33546
33560
33515
33594
33600
33440
33343
33349
33221
33239
33167
33053
33058
32909
32862
32869
32833
32845
32804
32774
32764
32607
32578
32545
32525
32454
32510
32379
32224
32252
32075
32062
31973
31858
31852
31716
31842
31900
31833
31833
31764
31918
32022
32135
32094
32349
32391
32482
32559
32575
32692
32717
32735
32782
32649
32689
32683
32738
32618
32622
32477
32437
32378
32296
32342
32252
32279
32221
32292
32222
32205
32154
32381
32255
32265
32268
32200
32127
32156
32044
32134
31950
31982
31904
31798
31840
31887
31968
31949
31988
32072
32188
32213
32399
32452
32594
32775
32918
32953
33149
33363
33335
33430
33625
33540
33620
33672
33656
33575
33579
33599
33635
33593
33498
33342
33435
33412
33387
33338
33274
33289
33370
33336
33354
33317
33319
33303
33250
33233
33181
33100
33029
33139
32998
32899
32759
32781
32805
32781
32791
32738
32731
32861
32931
32976
33102
33178
33304
33337
33412
33496
33598
33736
33716
33776
33767
33738
33617
33725
33671
33609
33447
33479
33347
33254
33222
33141
33048
33042
32880
32875
32851
32907
32849
32811
32740
32752
32711
32626
32565
32514
32423
32402
32309
32120
32198
32097
32041
32050
32039
32049
32037
31947
32170
32177
32134
32314
32464
32509
32611
32783
32845
32866
33072
33097
33127
33284
33244
33197
33217
33191
33048
33023
32992
33058
32873
32900
32917
32880
32802
32720
32708
32819
32720
32723
32829
32811
32759
32751
32656
32773
32709
32589
32552
32593
32532
32443
32369
32355
32329
32345
32381
32363
32352
32556
32424
32604
32703
32785
32821
33076
33080
33235
33271
33572
33590
33477
33514
33564
33529
33553
33492
33463
33406
33258
33190
33137
33083
32893
32936
32869
32943
32768
32722
32725
32678
32695
32682
32641
32597
32544
32383
32458
32252
32225
32253
32128
32015
32002
31903
31928
31763
31850
31846
31803
31848
31909
32009
32001
32062
32258
32280
32312
32495
32500
32567
32693
32763
32681
32716
32758
32755
32740
32706
32675
32555
32458
32454
32459
32284
32351
32336
32147
32197
32280
32238
32235
32271
32232
32159
32155
32179
32266
32115
32132
32094
32007
32002
32050
31960
31962
31968
31973
31969
32002
31929
32124
32111
32242
32400
32424
32517
