# Mock EEG Theta Waves Signal
# Simulates 4 Hz theta wave activity
# 512 samples at 512Hz = 1 second of data
# Baseline at 32768 with 600-count amplitude oscillation
32768
32797
32826
32856
32885
32913
32942
32970
32997
33024
33050
33076
33101
33125
33148
33170
33192
33212
33231
33249
33266
33282
33297
33310
33322
33332
33342
33350
33356
33361
33365
33367
33368
33367
33365
33361
33356
33350
33342
33332
33322
33310
33297
33282
33266
33249
33231
33212
33192
33170
33148
33125
33101
33076
33050
33024
32997
32970
32942
32913
32885
32856
32826
32797
32768
32738
32709
32679
32650
32622
32593
32565
32538
32511
32485
32459
32434
32410
32387
32365
32343
32323
32304
32286
32269
32253
32238
32225
32213
32203
32193
32185
32179
32174
32170
32168
32168
32168
32170
32174
32179
32185
32193
32203
32213
32225
32238
32253
32269
32286
32304
32323
32343
32365
32387
32410
32434
32459
32485
32511
32538
32565
32593
32622
32650
32679
32709
32738
32768
32797
32826
32856
32885
32913
32942
32970
32997
33024
33050
33076
33101
33125
33148
33170
33192
33212
33231
33249
33266
33282
33297
33310
33322
33332
33342
33350
33356
33361
33365
33367
33368
33367
33365
33361
33356
33350
33342
33332
33322
33310
33297
33282
33266
33249
33231
33212
33192
33170
33148
33125
33101
33076
33050
33024
32997
32970
32942
32913
32885
32856
32826
32797
32768
32738
32709
32679
32650
32622
32593
32565
32538
32511
32485
32459
32434
32410
32387
32365
32343
32323
32304
32286
32269
32253
32238
32225
32213
32203
32193
32185
32179
32174
32170
32168
32168
32168
32170
32174
32179
32185
32193
32203
32213
32225
32238
32253
32269
32286
32304
32323
32343
32365
32387
32410
32434
32459
32485
32511
32538
32565
32593
32622
32650
32679
32709
32738
32768
32797
32826
32856
32885
32913
32942
32970
32997
33024
33050
33076
33101
33125
33148
33170
33192
33212
33231
33249
33266
33282
33297
33310
33322
33332
33342
33350
33356
33361
33365
33367
33368
33367
33365
33361
33356
33350
33342
33332
33322
33310
33297
33282
33266
33249
33231
33212
33192
33170
33148
33125
33101
33076
33050
33024
32997
32970
32942
32913
32885
32856
32826
32797
32768
32738
32709
32679
32650
32622
32593
32565
32538
32511
32485
32459
32434
32410
32387
32365
32343
32323
32304
32286
32269
32253
32238
32225
32213
32203
32193
32185
32179
32174
32170
32168
32168
32168
32170
32174
32179
32185
32193
32203
32213
32225
32238
32253
32269
32286
32304
32323
32343
32365
32387
32410
32434
32459
32485
32511
32538
32565
32593
32622
32650
32679
32709
32738
32768
32797
32826
32856
32885
32913
32942
32970
32997
33024
33050
33076
33101
33125
33148
33170
33192
33212
33231
33249
33266
33282
33297
33310
33322
33332
33342
33350
33356
33361
33365
33367
33368
33367
33365
33361
33356
33350
33342
33332
33322
33310
33297
33282
33266
33249
33231
33212
33192
33170
33148
33125
33101
33076
33050
33024
32997
32970
32942
32913
32885
32856
32826
32797
32768
32738
32709
32679
32650
32622
32593
32565
32538
32511
32485
32459
32434
32410
32387
32365
32343
32323
32304
32286
32269
32253
32238
32225
32213
32203
32193
32185
32179
32174
32170
32168
32168
32168
32170
32174
32179
32185
32193
32203
32213
32225
32238
32253
32269
32286
32304
32323
32343
32365
32387
32410
32434
32459
32485
32511
32538
32565
32593
32622
32650
32679
32709
32738
